H8AR02142|COMBS, GWENDOLYNN MILLEN MRS.|C|1|DEM|0|0|0|0|0|0|0|0|0|0|0|0|0|AR|02||||||0|0|02/01/2021|0|0
H8AR04130|SHAMEL, HAYDEN CATHERINE|C|1|DEM|0|0|21|0|112.18|91.18|0|0|0|0|0|0|0|AR|04||||||0|0|01/13/2021|0|0
H6AZ03179|SAN MIGUEL, EDNA|C|2|REP|0|0|0|0|0|2583.43|0|0|0|0|0|0|0|AZ|03||||||0|0|03/12/2021|0|0
H8CA01257|DENNEY, AUDREY L|C|1|DEM|27.48|0|4628.82|0|4601.34|0|0|0|0|0|0|0|0|CA|01||||||0|0|02/18/2021|157.66|0
H0CA12137|LORRAINE, DEANNA|C|2|REP|0|0|1503.04|0|1503.04|0|0|0|0|0|0|0|0|CA|12||||||0|0|01/04/2021|0|0
H0CA31129|GIBBONEY, AGNES|C|2|REP|0|0|10779.54|0|10779.54|0|0|0|0|0|0|0|0|CA|31||||||0|0|02/03/2021|0|0
H0CA48156|BRADLEY, JAMES P.|C|2|REP|0|0|0|0|0|0|0|0|0|0|0|1398.43|0|CA|33||||||0|0|01/01/2021|0|0
H8CA34183|CABILDO, MARIA|O|1|DEM|0|0|0|0|0|0|0|0|0|0|0|0|0|CA|34||||||0|0|01/28/2021|0|0
H4CA45089|RATHS, GREGORY GERARD|C|2|REP|7768.98|0|4267.47|0|1998.49|0|5500|0|0|0|0|5500|68.01|CA|45||||||0|0|03/10/2021|0|0
H0CA47141|WEST, AMY PHAN|C|2|REP|0|0|20464.36|12370.44|20464.36|0|0|0|0|0|0|0|0|CA|47||||||0|0|01/31/2021|0|0
H4CA47069|WHALLON, ANDREW|C|2|REP|0|0|0|0|0|0|0|0|0|0|0|116300|0|CA|47||||||0|0|01/26/2021|0|0
H0FL07150|ZHAO, YUKONG|C|2|REP|20|0|2956.67|0|2936.67|0|0|0|0|2771.62|0|12228.38|20|FL|07||||||0|0|02/19/2021|200|0
H8FL13136|BUCK, GEORGE WILLIAM PHD|C|2|REP|0|0|2447.34|0|2447.34|0|0|0|0|0|0|0|0|FL|13||||||0|0|01/13/2021|0|0
H8GA06195|OSSOFF, T. JONATHAN|O|1|DEM|175000|175000|182862.17|6937.02|7862.17|0|0|0|0|175000|0|0|0|GA|06||||||0|0|03/01/2021|0|0
H0GA06218|BARTHELEMY, MYKEL LYNN|C|2|REP|0|0|0|0|518.71|518.71|0|0|0|0|0|0|0|GA|06||||||0|0|02/18/2021|0|0
H8GA06286|HANDEL, KAREN CHRISTINE|C|2|REP|1575.63|1580.63|2062.3|447.3|486.67|0|0|0|0|0|0|0|-5|GA|06||||||0|0|03/15/2021|0|0
H2GA09150|COLLINS, DOUGLAS ALLEN|C|2|REP|0|0|5600.11|5600.11|5600.11|0|0|0|0|0|0|0|0|GA|09||||||0|0|01/26/2021|0|0
H0ID01303|JONES, NICHOLAS|C|2|REP|0|0|0|0|0|0|0|0|0|0|0|16937.91|0|ID|01||||||0|0|03/18/2021|0|0
H8IL04159|FLORES, SOL|O|1|DEM|0|0|0|0|0|0|0|0|0|0|0|0|0|IL|04||||||0|0|01/23/2021|0|0
H0IL12100|LENZI, RAYMOND CARL DR.|C|1|DEM|0|0|0|0|-25000|-25000|0|0|0|0|0|0|0|IL|12||||||0|0|01/06/2021|0|0
H0IL14148|QUIGLEY, MATTHEW MARK MR.|C|2|REP|0|0|889.37|0|889.37|0|0|0|0|0|0|6673.62|0|IL|14||||||0|0|02/16/2021|0|0
H0IL15145|WOLFF, KERRY ALLEN|O|2|REP|0|0|0|0|0|0|0|0|0|0|0|5076.91|0|IL|15||||||0|0|02/20/2021|0|0
H0IN01200|BOROM, MELISSA|O|1|DEM|0|0|0|0|0|0|0|0|0|0|0|0|0|IN|01||||||0|0|01/02/2021|0|0
H0IN09179|RUFF, ANDY|C|1|DEM|32.1|0|13389.45|0|13357.35|0|0|0|0|0|0|0|0|IN|09||||||0|0|02/28/2021|0|0
H8IN09107|WATSON, LIZ|C|1|DEM|0|0|9699.52|9699.52|9699.52|0|0|0|0|0|0|0|0|IN|09||||||0|0|01/29/2021|0|0
H0KS01172|BARNETT, KALI|O|1|DEM|80.4|0|10191.91|0|10111.51|0|0|0|0|8874.2|0|0|0|KS|01||||||0|0|03/01/2021|0|0
H8KS04088|LOMBARD, LAURA|C|1|DEM|501.11|0|6275.95|0|5774.84|0|0|0|0|0|0|0|0|KS|04||||||0|0|01/25/2021|0|0
H8KY03211|GLISSON, VICKIE YATES BROWN|C|2|REP|0|0|10419.61|0|10419.61|0|0|0|0|0|0|0|0|KY|03||||||0|0|03/31/2021|0|0
H0KY06179|HICKS, JOSH|C|1|DEM|2188.75|0|2893.59|0|704.84|0|0|0|0|0|0|0|0|KY|06||||||0|0|02/05/2021|0|0
H0LA02275|CHAMBERS, GARY JR.|C|1|DEM|303618.18|0|266294.34|0|78049.43|115373.27|0|0|0|0|0|0|303618.18|LA|02||||||0|0|02/28/2021|0|0
H2LA02131|PETERSON, KAREN CARTER|O|1|DEM|450599.32|47000|516882.85|0|273937.73|207654.2|2299.5|0|0|0|0|0|353694.64|LA|02||||||47600|0|02/28/2021|1150|0
H2LA02149|CARTER, TROY A. SR.|O|1|DEM|519326.7|0|606143.35|0|378430.5|291613.85|0|0|0|0|0|0|404775.7|LA|02||||||104551|0|02/28/2021|0|9600
H2LA02164|ONTIVEROS, DESIREE|O|1|DEM|40256.63|0|26560.14|0|0|13696.49|0|0|0|0|0|0|40006.63|LA|02||||||250|0|02/28/2021|0|0
H2LA02271|JOHN, HAROLD MR. SR.|O|1|DEM|25200|0|23349.19|0|0|1850.81|0|25000|0|0|0|25000|200|LA|02||||||0|0|02/28/2021|0|0
H2LA02156|LIRETTE, GREGORY|O|2|REP|79425.23|0|65162.07|0|0|14263.16|0|0|0|0|0|1500|79425.23|LA|02||||||0|0|02/28/2021|0|0
H2LA02172|ARDOIN, CHELSEA|O|2|REP|6000|0|150.15|0|0|5849.85|0|50|0|0|0|6783.17|5950|LA|02||||||0|0|02/28/2021|0|0
H2LA02206|BERNARD, CLASTON|O|2|REP|113290|0|74817.24|0|0|38472.76|0|325|0|0|0|325|98465|LA|02||||||12000|2500|02/28/2021|0|0
H0LA03190|HARRIS, BRAYLON|C|1|DEM|0|0|0|0|7876.16|7876.16|0|0|0|0|0|3750|0|LA|03||||||0|0|01/31/2021|0|0
H8LA04282|TRUNDLE, RYAN|C|1|DEM|10.84|0|3324.52|0|2788.2|-525.48|0|0|0|0|0|0|0|LA|04||||||0|0|01/07/2021|0|0
H0LA05070|CHRISTOPHE, SANDRA|O|1|DEM|75320.27|0|19622.99|0|0|55697.28|0|0|0|0|0|0|75320.27|LA|05||||||0|0|02/28/2021|0|0
H0LA05153|SNOWDEN, PHILLIP|O|1|DEM|0|0|0|0|0|0|0|0|0|0|0|0|0|LA|05||||||0|0|01/05/2021|0|0
H2LA05126|LETLOW, JULIA|I|2|REP|682731.87|0|161617.59|0|0|521114.28|0|0|0|0|0|0|538431.87|LA|05||||||127300|17000|02/28/2021|0|1000
H2LA05134|CONERLY, CHAD|O|2|REP|47400|0|15240.55|0|19609.66|51769.11|0|30000|0|0|0|30000|17400|LA|05||||||0|0|02/28/2021|0|0
H2LA05142|SMITH, SANCHA|O|2|REP|9720.83|0|8366.94|0|0|1353.89|0|1285.83|0|0|0|1285.83|8435|LA|05||||||0|0|02/28/2021|0|0
H0MD01232|MASON, MIA|C|1|DEM|495.21|0|19.6|0|0|475.61|0|0|0|0|0|0|495.21|MD|01||||||0|0|01/31/2021|0|0
H8MD02100|PRETOT, JAKE|C|1|DEM|0|0|0|0|2581.89|2581.89|0|0|0|0|0|0|0|MD|02||||||0|0|09/30/2021|0|0
H0MD05191|URBINA, BRIANA|C|1|DEM|450|0|201.73|0|-147.68|100.59|0|0|0|0|0|177.73|450|MD|05||||||0|0|03/31/2021|0|0
H0MD07387|IVEY, AMBER|C|3|UN|0|0|0|0|0|0|0|0|0|0|0|0|0|MD|07||||||0|0|02/21/2021|0|0
H0MI03282|COLVIN, NICK|C|1|DEM|0|0|553.69|0|553.69|0|0|0|0|0|0|0|0|MI|03||||||0|0|01/31/2021|0|0
H8MI04101|HILLIARD, JEROME C|C|1|DEM|0|0|0|0|0|0|0|0|0|0|0|0|0|MI|04||||||0|0|01/25/2021|0|0
H0MI06152|HOADLEY, JON|C|1|DEM|1785.97|1785.97|19911.09|0|18125.12|0|0|0|0|0|0|0|0|MI|06||||||0|0|01/27/2021|0|0
H0MI08141|JUNGE, PAUL|C|2|REP|0|0|9067.32|275.84|9067.32|0|0|0|0|0|0|0|0|MI|08||||||0|0|03/15/2021|0|0
H0MI10279|SLOCUM, DOUG|O|2|REP|0|0|1312.3|0|1312.3|0|0|0|0|0|0|0|0|MI|10||||||0|0|01/08/2021|0|0
H4MI04118|MITCHELL, PAUL III|C|2|REP|0|0|34156.17|0|34156.17|0|0|0|0|16118.01|0|0|0|MI|10||||||0|0|01/29/2021|0|0
H0MI11129|ESSHAKI, ERIC|C|2|REP|31.1|31.1|1625.54|0|1594.44|0|0|0|0|0|0|0|0|MI|11||||||0|0|03/15/2021|0|0
H0MO04235|SIMMONS, LINDSEY NICOLE|C|1|DEM|0|0|11282.05|0|11282.05|0|0|0|0|0|0|0|0|MO|04||||||0|0|02/17/2021|0|0
H0MS01118|ELIASON, ANTONIA|C|1|DEM|.28|0|700.61|0|4106.77|3406.44|0|0|0|0|0|0|0|MS|01||||||0|0|01/20/2021|0|0
H0MT00090|WINTER, THOMAS|O|1|DEM|0|0|0|0|0|0|0|0|0|0|0|0|0|MT|00||||||0|0|01/26/2021|0|0
H0NC06225|FOXX, RHONDA|O|1|DEM|250|0|259.11|0|9.11|0|0|0|0|0|0|0|250|NC|06||||||0|0|01/31/2021|0|0
H0NC10193|PARKER, DAVID PAYNE|C|1|DEM|0|0|0|0|0|0|0|0|0|0|0|0|0|NC|10||||||0|0|01/18/2021|0|0
H0NH02272|CLEMMER, ELI DANTZLER|C|2|REP|0|0|0|0|121.55|121.55|0|0|0|0|0|0|0|NH|02||||||0|0|01/31/2021|0|0
H6NJ01204|PATTERSON, ROBERT W.|C|2|REP|0|0|0|0|0|0|0|0|0|0|0|0|0|NJ|01||||||0|0|01/04/2021|0|0
H0NJ02148|PATTERSON, ROBERT|C|2|REP|0|0|0|0|0|0|0|0|0|0|0|0|0|NJ|02||||||0|0|01/04/2021|0|0
H0NJ04086|KLEINHENDLER, HOWARD|O|1|DEM|600|0|677.61|0|77.61|0|600|0|0|77.61|0|0|0|NJ|03||||||0|0|01/28/2021|0|0
H0NJ02155|RICHTER, DAVID|C|2|REP|-37.36|0|1511.72|0|1549.08|0|0|0|0|1275.33|0|0|-102.4|NJ|03||||||0|0|03/03/2021|0|0
H0NJ07261|KEAN, THOMAS H. JR.|C|2|REP|0|0|0|0|0|0|0|0|0|0|0|0|0|NJ|07||||||0|0|02/02/2021|0|0
H0NM03037|KOKESH, ADAM CHARLES|C|2|REP|0|0|20|0|267.71|247.71|0|0|0|0|0|10552.39|0|NM|03||||||0|0|02/28/2021|0|0
H0NV02209|ACKERMAN, PATRICIA GERALDENE MS.|C|1|DEM|510|0|553.81|0|43.81|0|0|0|0|543.81|0|6156.19|0|NV|02||||||0|0|01/31/2021|0|0
H0NV02233|SCHIFFMAN, STEVEN|C|1|DEM|0|0|0|0|150000|150000|0|0|0|0|0|150000|0|NV|02||||||0|0|09/30/2021|0|0
H0NV04015|MARCHANT, JIM|C|2|REP|160.66|160.66|42275.5|0|42114.84|0|0|0|0|0|0|0|0|NV|04||||||0|0|03/16/2021|97.76|0
H0NY03059| WEINSTOCK, MICHAEL S|C|1|DEM|0|0|0|0|-902.52|-902.52|0|0|0|0|0|0|0|NY|03||||||0|0|02/01/2021|0|0
H0NY06060|CHOI, SANDRA|C|1|DEM|2562.5|0|0|0|-2562.69|0|0|0|0|0|0|0|0|NY|06||||||0|0|02/10/2021|0|0
H0NY10096|HERZOG, JONATHAN|C|1|DEM|0|0|0|0|0|0|0|0|0|0|0|0|0|NY|10||||||0|0|01/31/2021|0|0
H0NY17265|FARKAS, EVELYN|O|1|DEM|0|0|11281.48|0|11281.48|0|0|0|0|0|0|0|0|NY|17||||||0|0|02/18/2021|0|0
H0NY19188|HAWATMEH, OLA|C|2|REP|28.56|0|190000|0|198661.52|8690.08|0|0|0|190000|0|13130|28.56|NY|19||||||0|0|01/31/2021|0|0
H0NY23123|NOREN, SCOTT A|C|1|DEM|447.95|0|10832.38|0|8853.8|-1530.63|0|0|0|10392.38|0|0|0|NY|23||||||0|0|02/02/2021|0|0
H0PA17099|TIMKO, SCOTT RICHARD|C|2|REP|0|0|0|0|0|0|0|0|0|0|0|6537.3|0|PA|17||||||0|0|01/29/2021|0|0
H0PR01059|HENRIQUEZ, ADA NORAH ESQ|C|3|OTH|58.11|0|58.11|0|0|0|58.11|0|0|0|0|58.11|0|PR|00||||||0|0|01/31/2021|0|0
H0SC02061|BOROUGHS, ADAIR FORD|C|1|DEM|411.37|0|3273.73|0|2862.36|0|0|0|0|0|0|0|0|SC|02||||||0|0|01/28/2021|0|0
H0SC04281|NELSON, KIMBERLY|C|1|DEM|0|0|317.02|0|317.02|0|0|0|0|0|0|0|0|SC|04||||||0|0|01/30/2021|0|0
H0SC05056|BROWN, MAURICUS|C|1|DEM|0|0|3353.13|0|3353.13|0|0|0|0|0|0|0|0|SC|05||||||0|0|01/11/2021|0|0
H0TN01142|GAPP, JOSHUA|O|2|REP|9979.49|0|15141.92|0|5162.51|.08|0|9979.49|0|0|0|1097.51|0|TN|01||||||0|0|02/24/2021|0|0
H0TX02114|SCHEIRMAN, ELLIOTT ROBERT|C|3|LIB|0|0|0|0|0|0|0|0|0|0|0|0|0|TX|02||||||0|0|01/31/2021|0|0
H0TX04243|JONES, TRACY SHAWN|C|3|W|0|0|2407.39|0|2407.39|0|0|0|0|0|0|0|0|TX|04||||||0|0|02/02/2021|0|0
H0TX05109|SALTER, CAROLYN|C|1|DEM|0|0|28736.28|0|28736.28|0|0|0|0|28736.28|0|150161.94|0|TX|05||||||0|0|03/31/2021|0|0
H2TX06202|MARKLAND, MONTGOMERY L|O|2|REP|0|0|0|0|0|0|0|0|0|0|0|0|0|TX|06||||||0|0|02/19/2021|0|0
H0TX09184|WILLIAMS, MELISSA MECHELLE|C|2|REP|0|0|0|0|0|0|0|0|0|0|0|0|0|TX|09||||||0|0|03/31/2021|0|0
H0TX11198|HOGG, JON MARK MR.|O|1|DEM|0|0|2569.24|0|2588.58|19.34|0|0|0|0|0|0|0|TX|11||||||0|0|01/06/2021|0|0
H0TX13129|WINEGARNER, JOSH|O|2|REP|0|0|0|0|0|0|0|0|0|0|0|0|0|TX|13||||||0|0|01/15/2021|0|0
H0TX15124|DE LA CRUZ HERNANDEZ, MONICA|C|2|REP|18000|18000|25505.73|7505.73|7505.73|0|0|0|0|0|18000|0|0|TX|15||||||0|0|01/26/2021|0|0
H8TX22107|OLSON, PETER G.|C|2|REP|443|0|5129.66|0|4686.66|0|0|0|0|0|0|0|0|TX|22||||||0|0|03/17/2021|0|0
H0UT01213|PARRY, DARREN BRUCE MR.|O|1|DEM|0|0|120.1|0|314.61|194.51|0|0|0|0|0|0|0|UT|01||||||0|0|02/01/2021|0|0
H8UT02255|GHORBANI, SHIREEN SARAH|C|1|DEM|0|0|0|0|0|0|0|0|0|0|0|0|0|UT|02||||||0|0|06/30/2021|0|0
H2UT02431|ACHESON, PHELAN DOUGLAS|C|3|IND|22.54|0|22.54|0|0|0|1.24|0|0|0|0|0|21.3|UT|02||||||0|0|03/09/2021|21.3|0
H0VA02092|LOYOLA, BENITO BEN JR|C|2|REP|0|0|0|0|0|0|0|0|0|0|0|49771.36|0|VA|02||||||0|0|01/27/2021|0|0
H0VA07117|ROBERGE, JASON ALEXANDER|C|2|REP|0|0|0|0|0|0|0|0|0|0|0|4200|0|VA|07||||||0|0|01/26/2021|0|0
H0VA07158|FREITAS, NICK J|C|2|REP|2504.71|0|30287.1|0|27782.39|0|0|0|0|0|0|0|-62.8|VA|07||||||0|0|03/31/2021|3902.63|0
H8WI05165|PALZEWICZ, TOM|O|1|DEM|0|0|0|0|0|0|0|0|0|0|0|0|0|WI|05||||||0|0|01/26/2021|0|0
H4WV02080|MOONEY, ALEXANDER XAVIER|I|2|REP|0|0|2308153.74|2308153.74|2308153.74|0|0|0|0|0|0|0|0|WV|02||||||0|0|02/08/2021|0|0
P00008946|POWERS, CHRISTIN NOEL MS.|C|1|DEM|0|0|0|0|0|65015|0|0|0|0|0|0|0|00|00||||||0|0|10/31/2021|0|0
P00009910|WILLIAMSON, MARIANNE|C|1|DEM|1106.84|0|39005.69|0|50385.5|12486.65|0|0|0|0|0|189099.8|395|00|00||||||0|0|02/28/2021|0|0
P00011866|MOULTON, SETH|C|1|DEM|7450.68|7450.68|8410.84|0|960.16|0|0|0|0|0|0|0|0|00|00||||||0|0|02/22/2021|0|0
P00014530|BLOOMBERG, MICHAEL R.|C|1|DEM|40086.79|0|337746.57|0|3422907.46|3125247.68|18682.58|0|0|0|0|31125.56|0|00|00||||||0|0|02/28/2021|0|0
P60007168|SANDERS, BERNARD|C|1|DEM|231812.89|0|480202.2|0|2589097.37|2340708.06|0|0|0|0|0|0|0|00|00||||||0|0|02/28/2021|500|0
P60008059|BUSH, JEB|O|2|REP|0|0|5478.76|0|5478.76|0|0|0|0|0|0|0|0|00|00||||||0|0|03/09/2021|-20600|0
P60016342|DE  LA  FUENTE, ROQUE ROCKY|C|2|REP|600|0|2721.16|0|32909.53|30788.37|0|600|0|0|0|1421657.88|0|00|00||||||0|0|01/31/2021|0|0
P00016741|WEST, KANYE|C|3|BDY|149620|0|682688.45|0|1328976.72|795908.27|0|0|0|250000|0|0|149600|00|00||||||0|0|02/28/2021|4440|0
P00013292|ROLDE, DAVID|C|3|GRE|0|0|960|0|975.91|15.91|0|0|0|0|0|0|0|00|00||||||0|0|01/31/2021|960|0
P00013631|TAYLOR, HORACE DONALD|C|3|IND|0|0|6|0|93.96|87.96|0|0|0|0|0|0|0|00|00||||||0|0|01/19/2021|0|0
P60011517|BERRY, JOEY|C|3|IND|0|0|0|0|0|0|0|0|0|0|0|0|0|00|00||||||0|0|01/13/2021|0|0
P00006841|KOKESH, ADAM|C|3|LIB|0|0|20|0|267.71|247.71|0|0|0|0|0|10552.39|0|00|00||||||0|0|02/28/2021|0|0
P00014746|VANACORE, LOUIS DEAN|C|3|LIB|0|0|0|0|0|0|0|0|0|0|0|0|0|00|00||||||0|0|01/31/2021|0|0
P00012211|HAWKINS, HOWIE||3|OTH|3798.56|0|15812.12|0|17920.12|5906.56|0|0|0|0|0|137727.15|3798.56|00|00||||||0|0|01/31/2021|30.3|0
P00015925|WALTON, GREG|C|3|OTH|0|0|0|0|0|0|0|0|0|0|0|0|0|00|00||||||0|0|02/25/2021|0|0
S0AR00226|HARRINGTON, RICKY DALE MR. JR|C|3|LIB|1185.35|0|16712.54|10467.37|15527.19|0|0|0|0|0|0|0|471|AR|00||||||0|0|03/11/2021|0|0
S0AZ00145|HESS, BARRY J II||3|OTH|0|0|0|0|0|0|0|0|0|0|0|0|0|AZ|00||||||0|0|01/26/2021|0|0
S2CA00971|TAYLOR, PAUL A MR|C|2|REP|100|0|100|0|0|0|0|0|50|0|47.9|0|50|CA|00||||||0|0|03/13/2021|50|0
S8CA00598|DE LA FUENTE, ROQUE ROCKY|C|2|REP|600|0|2721.16|0|32909.53|30788.37|0|600|0|0|0|1421657.88|0|CA|00||||||0|0|01/31/2021|0|0
S0CO00286|ROMANOFF, ANDREW|C|1|DEM|248833.65|69066.02|323887.71|0|75054.06|0|173366.65|0|0|248000|0|0|0|CO|00||||||0|0|02/26/2021|150|0
S0CO00450|ZORNIO, PATRICIA ANNE|C|1|DEM|0|0|13188.54|0|13188.54|0|0|0|0|0|0|0|0|CO|00||||||0|0|03/27/2021|0|0
S0GA00468|LIEBERMAN, MATTHEW|C|1|DEM|0|0|2201.2|0|2201.2|0|0|0|0|0|0|0|0|GA|00||||||0|0|03/03/2021|-9000|0
S0GA00559|WARNOCK, RAPHAEL|I|1|DEM|22960598.11|757126.34|42492538.84|0|22762985.43|3231044.7|0|0|0|0|0|0|21101865.39|GA|00||||||126313.91|-1775|01/25/2021|526221.7|7796
S0GA00583|TARVER, EDWARD J.|C|1|DEM|0|0|29.95|0|2399.9|2369.95|0|0|0|0|0|6129|0|GA|00||||||0|0|01/29/2021|0|0
S8GA00180|OSSOFF, T. JONATHAN|I|1|DEM|7371154.1|207734.96|9248822.41|0|4331733.49|2454065.18|0|0|0|250000|0|0|7101000.64|GA|00||||||59318.44|100|01/25/2021|121311.04|3750
S0GA00526|LOEFFLER, KELLY|I|2|REP|19145121.93|2914059.78|28943208.22|0|21255965.15|11457878.86|116900|0|0|1250000|0|500000|15587169.44|GA|00||||||515506.96|3550|01/25/2021|48288.33|38650
S0GA00641|TAYLOR, KANDISS SHARPE DR|C|2|REP|0|0|0|0|0|0|0|0|0|0|0|0|0|GA|00||||||0|0|01/04/2021|0|0
S4GA11285|PERDUE, DAVID|C|2|REP|1616807.89|301614.82|8312563.36|486020.36|12414001.63|5718246.16|0|0|0|0|0|781801.79|2451863.09|GA|00||||||259575|0|01/25/2021|623136.02|14225
S0IA00184|HERZOG, SUZANNE|C|3|IND|0|0|0|0|0|0|0|0|0|0|0|0|0|IA|00||||||0|0|01/08/2021|0|0
S0ID00180|JORDAN, PAULETTE|C|1|DEM|0|0|15152.94|0|15152.94|0|0|0|0|0|0|0|0|ID|00||||||0|0|03/11/2021|60|0
S0KS00232|GRISSOM, BARRY|O|1|DEM|0|0|19403.94|0|19403.94|0|0|0|0|0|0|0|0|KS|00||||||0|0|01/27/2021|-4605|0
S6LA00441|BILLIOT, BERYL MR|C|3|NOP|0|0|0|0|0|0|0|0|0|0|0|0|0|LA|00||||||0|0|01/13/2021|0|0
S0MA00232|O'CONNOR, KEVIN J|C|2|REP|1075|0|64038.08|0|62963.08|0|0|0|0|68240.32|0|0|1075|MA|00||||||0|0|01/18/2021|0|0
S8ME00163|LINN, MAX MR.|C|3|IND|0|0|14887.08|0|14887.08|0|0|0|0|12670.73|0|150000|0|ME|00||||||0|0|02/12/2021|0|0
S8MN00636|TROOIEN, JERRY|C|3|IND|0|0|0|0|0|0|0|0|0|0|0|0|0|MN|00||||||0|0|03/10/2021|0|0
S0NJ00266|BURKE, DANIEL C. MR.|C|3|IND|0|0|120.06|92.06|120.06|0|0|0|0|0|0|0|0|NJ|00||||||0|0|01/19/2021|0|0
S0NM00066|CLARKSON, GAVIN|O|2|REP|0|0|7437.29|0|7437.29|0|0|0|0|0|0|0|0|NM|00||||||0|0|01/28/2021|0|0
S0TN00342|BRADSHAW, MARQUITA|O|1|DEM|0|0|16208.96|0|16208.96|0|0|0|0|0|0|0|0|TN|00||||||0|0|01/31/2021|0|0
S0TN00151|GAPP, JOSHUA DOMINIQUE GREGORY|O|2|REP|0|0|172.22|0|201.71|29.49|0|0|0|0|0|0|0|TN|00||||||0|0|01/29/2021|0|0
S0TN00185|FLINN, GEORGE S DR JR|O|2|REP|0|0|2189.5|0|2189.5|0|0|0|0|2189.5|0|0|0|TN|00||||||0|0|03/18/2021|0|0
S0TN00318|FAPARUSI, YOMI DR. SR|O|3|IND|0|0|0|0|0|0|0|0|0|0|0|0|0|TN|00||||||0|0|01/31/2021|0|0
S0TX00258|EDWARDS, AMANDA|C|1|DEM|465.33|0|1224.27|0|758.94|0|465.33|0|0|0|0|0|0|TX|00||||||0|0|01/27/2021|-275|0
